0 0.869181640625 0.6008723953125 0.869181640625 0.5937109375 0.861369140625 0.5839453125 0.8489993484375 0.5813411453125 0.8411868484375 0.5865494796874999 0.8411868484375 0.5943619796874999 0.8479290359375 0.5987096359375 0.8626712234375 0.6028255203125 0.869181640625 0.6008723953125
0 0.27734375 0.696875 0.2760416671875 0.6819010421875 0.2727864578125 0.6786458328125 0.265625 0.6779947921875 0.26171875 0.6805989578125 0.2584635421875 0.6916666671875 0.2604166671875 0.70859375 0.2578125 0.7138020828125 0.2682291671875 0.7131510421875 0.27734375 0.696875
0 0.183546875 0.724435546875 0.196138671875 0.7236608078125 0.1976888015625 0.7095188796875 0.21375846406250001 0.6912317703124999 0.21506054687499998 0.6756067703124999 0.21180533906250001 0.6723515625 0.20334179687499998 0.6736536453124999 0.174044921875 0.6925338546875001 0.17469596406250001 0.7042526046875001 0.1872278640625 0.7122311203125 0.1829654953125 0.7193990890624999 0.183546875 0.724435546875
0 0.1575520828125 0.718359375 0.158203125 0.718359375 0.16524414062499998 0.7199733078125 0.16524414062499998 0.723654296875 0.1739615890625 0.724623046875 0.1725260421875 0.7203125 0.1725260421875 0.7190104171875 0.1712239578125 0.7170572921875 0.1712239578125 0.7151041671875 0.169921875 0.7111979171875 0.1692708328125 0.7098958328125 0.1673177078125 0.70859375 0.1666666671875 0.7072916671875 0.162109375 0.7053385421875 0.1575520828125 0.7053385421875 0.1549479171875 0.7079427078125 0.154296875 0.7098958328125 0.154296875 0.7131510421875 0.1555989578125 0.714453125 0.1575520828125 0.718359375
0 0.1171875 0.7209635421875 0.1184895828125 0.7235677078125 0.124369140625 0.7281100265625 0.124369140625 0.731984375 0.132892578125 0.729078125 0.1369609375 0.7250104171875 0.1313430984375 0.72481640625 0.12890625 0.7216145828125 0.1315104171875 0.7157552078125 0.1334635421875 0.714453125 0.1354166671875 0.710546875 0.1354166671875 0.7059895828125 0.1341145828125 0.7014322921875 0.1302083328125 0.6955729171875 0.1223958328125 0.6884114578125 0.1204427078125 0.6877604171875 0.1165364578125 0.6884114578125 0.1126302078125 0.6923177078125 0.1119791671875 0.6994791671875 0.1158854171875 0.7125 0.1178385421875 0.7157552078125 0.1171875 0.7209635421875
0 0.10131640625 0.7271412765624999 0.10189713593750001 0.7277220046874999 0.1026725265625 0.7284973953125 0.10538411406249999 0.732177734375 0.106546875 0.7339212234375 0.1071276046875 0.7345026046875 0.11138997343749998 0.7335338546875 0.1121731765625 0.7287063796875 0.11216471406249999 0.7240416671875 0.1127454421875 0.7131933593750001 0.10964648437499999 0.7011822921875 0.1063138015625 0.692248046875 0.10305859375 0.690294921875 0.09915234375000001 0.6896438796875 0.0958971359375 0.690294921875 0.09329296875000001 0.6928990890625 0.0927923171875 0.7062194015625 0.08969270781250001 0.7131933593750001 0.0900377609375 0.717638671875 0.10131640625 0.7271412765624999
0 0.052498698437500005 0.7302408859375 0.0536608078125 0.73430859375 0.05338541718749999 0.7352864578125 0.060634765624999996 0.7356647140625 0.0604407546875 0.7308216140625 0.0650904953125 0.7284973953125 0.0709016921875 0.7228795578125 0.0681901046875 0.7166803390625 0.07096354218749999 0.710546875 0.068359375 0.7059895828125 0.060546875 0.6994791671875 0.05859375 0.698828125 0.05403645781250001 0.6994791671875 0.0499798171875 0.7073815109375 0.04296875 0.7079427078125 0.0377604171875 0.7125 0.037109375 0.71640625 0.04804296875 0.72578515625 0.049786457812500004 0.72675390625 0.052498698437500005 0.7302408859375
0 0.0475260421875 0.733984375 0.0475260421875 0.7313802078125 0.046875 0.7307291671875 0.046875 0.7274739578125 0.0462239578125 0.726171875 0.04296875 0.7248697921875 0.0403645828125 0.7229166671875 0.037109375 0.7229166671875 0.0345052078125 0.7268229171875 0.034676432812500005 0.731208984375 0.035063801562500004 0.7335338546875 0.036513421875 0.7353055515625 0.04296875 0.7372395828125 0.046875 0.7352864578125 0.0475260421875 0.733984375
0 0.0163919265625 0.7248697921875 0.019647135937499997 0.7352864578125 0.01704296875 0.737890625 0.015089843750000002 0.7391927078125 0.013136718750000002 0.7372395828125 0.01118359375 0.7287760421875 0.0079283859375 0.7307291671875 0.01118359375 0.7411458328125 0.02094921875 0.741796875 0.026808593749999998 0.7346354171875 0.029412760937499997 0.728125 0.029412760937499997 0.7235677078125 0.0261575515625 0.718359375 0.025506510937499997 0.718359375 0.01704296875 0.7190104171875 0.0163919265625 0.7248697921875
0 0.28515625 0.698828125 0.28515625 0.7059895828125 0.2890625 0.7118489578125 0.2897135421875 0.7177083328125 0.294921875 0.7177083328125 0.30078125 0.7046875 0.3001302078125 0.7001302078125 0.2955729171875 0.6955729171875 0.294921875 0.6955729171875 0.2903645828125 0.6955729171875 0.28515625 0.698828125
0 0.21223958281250002 0.7072916671875 0.21223958281250002 0.7170572921875 0.216796875 0.718359375 0.22135416718749998 0.7111979171875 0.21875 0.7053385421875 0.21809895781250002 0.7053385421875 0.21354166718749998 0.7053385421875 0.21223958281250002 0.7072916671875
0 0.3053385421875 0.706640625 0.30859765625 0.7128059890625 0.3109225265625 0.7124186203125 0.314453125 0.7059895828125 0.3098958328125 0.7020833328125 0.3092447921875 0.7020833328125 0.3053385421875 0.7033854171875 0.3053385421875 0.706640625
0 0.3265130203125 0.7119375 0.3276907546875 0.71488671875 0.330294921875 0.71488671875 0.3328990890625 0.7135846359375 0.333099609375 0.7113561203125001 0.3332936203125 0.706900390625 0.338330078125 0.691015625 0.3413626296875 0.68363671875 0.3407115890625 0.6784283859375 0.3358118484375 0.6749368484375 0.33116276093749997 0.6714498703125 0.32748177031250003 0.6716432296875 0.32418880156249996 0.67338671875 0.3208951828125 0.6759049484374999 0.3185703125 0.6830729171875001 0.3181829421875 0.6883033859375 0.31702083281250004 0.6929524734375 0.3251569015625 0.706900390625 0.3265130203125 0.7119375
0 0.358771484375 0.71338671875 0.3600260421875 0.7131510421875 0.3626302078125 0.7118489578125 0.3658854171875 0.70859375 0.3665364578125 0.70859375 0.3665364578125 0.7079427078125 0.369140625 0.7053385421875 0.3704427078125 0.702734375 0.3704427078125 0.696875 0.3697916671875 0.694921875 0.3671875 0.6916666671875 0.3639322921875 0.6916666671875 0.3626302078125 0.691015625 0.3600260421875 0.69296875 0.359375 0.69296875 0.357421875 0.694921875 0.3561197921875 0.6981770828125 0.3561197921875 0.7001302078125 0.35546875 0.70078125 0.3574153640625 0.7104811203125 0.358771484375 0.71338671875
0 0.3824986984375 0.7063196609375 0.3843313796875 0.70902734375 0.3895397140625 0.70902734375 0.3914928390625 0.7083763015625 0.3945091140625 0.7030260421875 0.3999563796875 0.69926171875 0.40256054687500004 0.69340234375 0.4018704421875 0.6892721359375 0.4032115890625 0.6829856765625 0.40109570312500004 0.6801673171875 0.398654296875 0.67582421875 0.3914928390625 0.6751731765625 0.3882376296875 0.67582421875 0.384982421875 0.67777734375 0.3823046875 0.6826855468749999 0.3758678390625 0.6868919265625 0.3745657546875 0.68949609375 0.3745657546875 0.6940533859375 0.3765188796875 0.6999127609375 0.3824986984375 0.7063196609375
0 0.4145631515625 0.70389453125 0.416015625 0.7053385421875 0.4192708328125 0.70859375 0.4212239578125 0.7092447921875 0.4225260421875 0.70859375 0.4244791671875 0.70859375 0.42578125 0.7072916671875 0.4270833328125 0.7046875 0.4270833328125 0.702734375 0.427734375 0.7020833328125 0.427734375 0.69296875 0.4270833328125 0.6916666671875 0.4244791671875 0.6890625 0.421875 0.6877604171875 0.4192708328125 0.6877604171875 0.4186197921875 0.687109375 0.4140625 0.6890625 0.4114583328125 0.6916666671875 0.4108072921875 0.69296875 0.4122389328125 0.7015696609375001 0.4140625 0.7046875 0.4145631515625 0.70389453125
0 0.45095507812499996 0.694921875 0.45681445312499996 0.69296875 0.4584453125 0.6885904953125 0.46072070312499996 0.683203125 0.46072070312499996 0.6747395828125 0.4594186203125 0.6721354171875 0.45486132812499996 0.6682291671875 0.44624088593750005 0.6699934890625 0.4433346359375 0.6697994796875 0.43923632812499996 0.671484375 0.4363606765625 0.6821979171875 0.4340279953125 0.691015625 0.4359811203125 0.69296875 0.44314127656249996 0.6947897140625 0.45095507812499996 0.694921875
0 0.48139713593750005 0.707962890625 0.48530338593750005 0.7081399734375 0.48732617187500005 0.7082317703125 0.488705078125 0.70869140625 0.4913717453125 0.7085078125 0.494140625 0.7092447921875 0.49609375 0.7079427078125 0.4973958328125 0.7033854171875 0.4973958328125 0.7001302078125 0.498046875 0.6994791671875 0.49609375 0.694921875 0.4906959640625 0.6940149734375 0.4891458328125 0.6969205734374999 0.4866276046875 0.6976953124999999 0.48546549531250005 0.695564453125 0.4848841140625 0.6926588546875 0.4765625 0.6877604171875 0.4733072921875 0.6877604171875 0.47229231718750003 0.6914967453124999 0.47093619843749995 0.6940149734375 0.4717109375 0.6992454421875001 0.4728736984375 0.7015696609375001 0.48139713593750005 0.707962890625
0 0.5187428390625 0.7035963546875 0.52002734375 0.70600390625 0.5221940109375 0.7055221359375 0.5241197921875 0.7037565109374999 0.5258053390625 0.7031145828125 0.5266927078125 0.702734375 0.52564453125 0.7001451828125 0.52387890625 0.6975774734375 0.5240885421875 0.6942708328125 0.521953125 0.693244140625 0.5204283859375 0.6926822921875 0.5169270828125 0.6916666671875 0.5143229171875 0.69296875 0.5130208328125 0.6942708328125 0.5123697921875 0.6962239578125 0.5123697921875 0.6981770828125 0.5136875 0.6991022140625 0.517298828125 0.7020716140625 0.5187428390625 0.7035963546875
0 0.5458678390625 0.6800026046875 0.5453059890625 0.68329296875 0.5449850265625 0.69597265625 0.5447434890625 0.6997727859375 0.5447434890625 0.7049811203125 0.54539453125 0.706283203125 0.5479986984375 0.708236328125 0.55125390625 0.708236328125 0.5512447921875 0.7030345046875001 0.552689453125 0.6982194015625 0.5560598953125 0.6958919265625 0.5564609375 0.6931634109375 0.557263671875 0.6904348953125 0.5559798171875 0.6858606765624999 0.5558111984375 0.680892578125 0.55125390625 0.676986328125 0.5498001296874999 0.6747057296875 0.5466705734375 0.672458984375 0.5484361984375 0.6666809890625001 0.54923828125 0.6637115890625 0.5459479171875 0.659859375 0.54008984375 0.6584954421875 0.5388059890625 0.6573717453125 0.5286940109375 0.6610631515625001 0.526447265625 0.6641126296875 0.5251634109375 0.6659583328124999 0.5207493484375 0.6740638015625 0.5213912765625001 0.6796816406249999 0.5231569015625 0.6804837234375001 0.526607421875 0.6828111984375 0.5350338546875 0.6831321609375001 0.5415345046875 0.676953125 0.5458678390625 0.6800026046875
0 0.5709863281249999 0.690595703125 0.5743567703125 0.6956516921875 0.580857421875 0.6992623703125 0.5870364578125 0.692361328125 0.5896048171875 0.6881080734375 0.5897649734375 0.678958984375 0.5886419265625 0.6738229171875 0.5863945312500001 0.6696497390625 0.5811783859374999 0.6641927078125 0.5768450515625 0.6622669265625001 0.5723281250000001 0.6633326828125 0.5690729171875 0.666587890625 0.5677708328125 0.6691920578125 0.5664687500000001 0.674400390625 0.569140625 0.6844967453125 0.5693815109375 0.6873854171875 0.5709863281249999 0.690595703125
0 0.6197916671875 0.6903645828125 0.6263020828125 0.69296875 0.626953125 0.6923177078125 0.6341145828125 0.691015625 0.6380208328125 0.687109375 0.6393229171875 0.6845052078125 0.638671875 0.6779947921875 0.6373697921875 0.675390625 0.6334635421875 0.671484375 0.6302083328125 0.66953125 0.6236979171875 0.667578125 0.619140625 0.667578125 0.6158854171875 0.6688802078125 0.6126302078125 0.6721354171875 0.6119791671875 0.6779947921875 0.61328125 0.6825520828125 0.6171875 0.6884114578125 0.6197916671875 0.6903645828125
0 0.6477864578125 0.683203125 0.6497395828125 0.687109375 0.654296875 0.6916666671875 0.658203125 0.6936197921875 0.6647135421875 0.694921875 0.66796875 0.69296875 0.6686197921875 0.691015625 0.6686197921875 0.68125 0.6653645828125 0.6682291671875 0.6627604171875 0.663671875 0.6575520828125 0.6604166671875 0.6490885421875 0.6604166671875 0.6471354171875 0.66171875 0.6458333328125 0.6643229171875 0.6451822921875 0.6734375 0.646484375 0.6786458328125 0.6477864578125 0.6799479171875 0.6477864578125 0.683203125
0 0.69921875 0.687109375 0.6998697921875 0.6923177078125 0.7024739578125 0.6936197921875 0.7057291671875 0.6936197921875 0.7102864578125 0.691015625 0.720703125 0.6760416671875 0.7220052078125 0.6734375 0.7220052078125 0.6649739578125 0.71484375 0.6578125 0.703125 0.65390625 0.7005208328125 0.65390625 0.6966145828125 0.655859375 0.6927083328125 0.6623697921875 0.6920572921875 0.6682291671875 0.693359375 0.6760416671875 0.6959635421875 0.679296875 0.69921875 0.687109375
0 0.685546875 0.6903645828125 0.6888020828125 0.69296875 0.693359375 0.69296875 0.6940104171875 0.6923177078125 0.6959635421875 0.6923177078125 0.6953125 0.691015625 0.6959635421875 0.6890625 0.6959635421875 0.683203125 0.6940104171875 0.6779947921875 0.6901041671875 0.6740885421875 0.6868489578125 0.6740885421875 0.6822916671875 0.6766927078125 0.681640625 0.6779947921875 0.681640625 0.6838541671875 0.68359375 0.6864583328125 0.685546875 0.6903645828125
0 0.7265625 0.6584635421875 0.7298177078125 0.6610677078125 0.7330729171875 0.6604166671875 0.736328125 0.6565104171875 0.73828125 0.6395833328125 0.73828125 0.6291666671875 0.732421875 0.6239583328125 0.7259114578125 0.6213541671875 0.7220052078125 0.6213541671875 0.7161458328125 0.6233072921875 0.7122395828125 0.6272135421875 0.7115885421875 0.6337239578125 0.71484375 0.6408854171875 0.7220052078125 0.65 0.7265625 0.6584635421875
0 0.6907552078125 0.6473958328125 0.693359375 0.6493489578125 0.697265625 0.65 0.7018229171875 0.6467447921875 0.705078125 0.640234375 0.7076822921875 0.6376302078125 0.7096354171875 0.6311197921875 0.708984375 0.6259114578125 0.7037760421875 0.6194010421875 0.69921875 0.6096354171875 0.6959635421875 0.6063802078125 0.6888020828125 0.6057291671875 0.6848958328125 0.6083333328125 0.6868489578125 0.620703125 0.68359375 0.628515625 0.6842447921875 0.634375 0.6907552078125 0.6473958328125
0 0.7486979171875 0.6779947921875 0.7513020828125 0.683203125 0.7591145828125 0.6877604171875 0.7630208328125 0.6890625 0.7643229171875 0.6923177078125 0.765625 0.69296875 0.7682291671875 0.6923177078125 0.7708333328125 0.6890625 0.7708333328125 0.6858072921875 0.76953125 0.6819010421875 0.76953125 0.6766927078125 0.7682291671875 0.6740885421875 0.7682291671875 0.6708333328125 0.7669270828125 0.667578125 0.7623697921875 0.6630208328125 0.759765625 0.6623697921875 0.7532552078125 0.6623697921875 0.7486979171875 0.6643229171875 0.7454427078125 0.6669270828125 0.7447916671875 0.6682291671875 0.7447916671875 0.6727864578125 0.7473958328125 0.67734375 0.7486979171875 0.6779947921875
0 0.7721354171875 0.6838541671875 0.77734375 0.6923177078125 0.7786458328125 0.69296875 0.783203125 0.6923177078125 0.7890625 0.6819010421875 0.7942708328125 0.6760416671875 0.7955729171875 0.6734375 0.7955729171875 0.667578125 0.7903645828125 0.6623697921875 0.783203125 0.6591145828125 0.775390625 0.6584635421875 0.7708333328125 0.6610677078125 0.76953125 0.6630208328125 0.76953125 0.6727864578125 0.7721354171875 0.68125 0.7721354171875 0.6838541671875
0 0.8190104171874999 0.6897135421875 0.8248697921874999 0.6903645828125 0.828125 0.687109375 0.8307291671874999 0.6819010421875 0.833984375 0.6734375 0.8346354171874999 0.667578125 0.8333333328125001 0.6649739578125 0.8274739578125001 0.6591145828125 0.8216145828125001 0.655859375 0.8125 0.655859375 0.8111979171874999 0.6565104171875 0.8092447921874999 0.6584635421875 0.810546875 0.6766927078125 0.8138020828125001 0.6838541671875 0.8190104171874999 0.6897135421875
0 0.8389303390625 0.6853763015625 0.8386614578125 0.68833984375 0.8444010421874999 0.6897135421875 0.8467434890625001 0.6853763015625 0.85546875 0.683203125 0.8580729171874999 0.675390625 0.8548177078125001 0.6623697921875 0.8483072921874999 0.6604166671875 0.8450520828125001 0.6630208328125 0.841625 0.6724446609375 0.8378528640624999 0.6735227859374999 0.8346204421874999 0.6789108078125 0.8389303390625 0.6853763015625
0 0.896484375 0.687109375 0.9016927078125001 0.6858072921875 0.8971354171874999 0.6740885421875 0.890625 0.667578125 0.8815104171874999 0.6662760421875 0.8776041671874999 0.6688802078125 0.876953125 0.6740885421875 0.8863463546875 0.6810657546875001 0.8938893234374999 0.683759765625 0.896484375 0.687109375
0 0.98046875 0.6877604171875 0.9809075515625001 0.6708287765625001 0.982421875 0.6662760421875 0.98046875 0.6591145828125 0.974609375 0.6552083328125 0.9680989578125001 0.6552083328125 0.9609375 0.6610677078125 0.9596354171874999 0.6727864578125 0.9674375 0.6816048171875 0.9733072921874999 0.6877604171875 0.98046875 0.6877604171875
0 0.9868346359375 0.6867233078125 0.9924921875000001 0.6880703125000001 0.9941087234375001 0.6824127609375 0.9993489578125001 0.6770247390625 0.9993489578125001 0.667595703125 0.9992272140624999 0.6546640625 0.9895286453125 0.6560110671875 0.9876425781249999 0.6603216140625 0.9860260421874999 0.667056640625 0.9881816406249999 0.6729837234375 0.9906061203125001 0.6778333328125 0.9868346359375 0.6867233078125